0	8	90.5125
0	9	47.3685
0	10	39.8754
0	11	67.6853
0	12	40.3168
0	14	36.5385
0	15	42.709
0	17	40.8025
0	18	28.563
0	20	26.8294
0	22	25.6126
0	25	18.6953
0	27	19.8153
0	30	18.7313
0	33	20.1255
0	36	15.2406
0	40	18.9143
0	44	8.31542
0	48	8.86986
0	53	8.5074
0	59	6.81717
0	65	6.46076
0	71	6.60079
0	78	4.33953
0	86	6.8071
0	95	2.93409
0	104	4.42467
0	115	3.92608
0	126	1.96286
0	139	2.63552
0	153	3.44054
0	168	3.4692
0	185	2.14164
0	204	2.03694
0	224	1.06173
0	247	1.46388
0	272	2.15499
0	299	1.39636
0	329	2.62725
0	362	1.31998
0	398	1.82325
0	438	1.53806
0	481	1.44458
0	530	1.50742
0	583	1.52782
0	641	0.709198
0	705	1.68755
0	776	2.15411
0	853	0.951131
0	939	0.948137
0	1033	1.65441
0	1136	1.42003
0	1249	0.96994
0	1374	1.56921
0	1512	1.08133
0	1663	1.19998
0	1830	1.3504
0	2013	1.25521
0	2214	1.50585
0	2435	1.52824
0	2679	1.01932
0	2947	1.30418
0	3242	1.3304
0	3566	1.16047
0	3922	1.2476
0	4315	1.3304
0	4746	1.15525
0.005	8	200.141
0.005	9	64.9433
0.005	10	154.178
0.005	11	64.5472
0.005	12	42.4412
0.005	14	41.0093
0.005	15	38.8741
0.005	17	42.6264
0.005	18	31.3841
0.005	20	27.8293
0.005	22	32.7284
0.005	25	28.7975
0.005	27	25.6493
0.005	30	19.7365
0.005	33	13.7509
0.005	36	18.3206
0.005	40	15.304
0.005	44	10.9304
0.005	48	13.7899
0.005	53	9.6095
0.005	59	7.69158
0.005	65	5.90463
0.005	71	3.87173
0.005	78	4.20537
0.005	86	4.05748
0.005	95	3.67325
0.005	104	4.18402
0.005	115	2.62725
0.005	126	2.78365
0.005	139	2.68588
0.005	153	3.06621
0.005	168	2.23112
0.005	185	1.80805
0.005	204	2.78985
0.005	224	1.45375
0.005	247	1.91
0.005	272	1.80842
0.005	299	2.348
0.005	329	2.19681
0.005	362	1.96445
0.005	398	1.93391
0.005	438	1.39807
0.005	481	1.3823
0.005	530	1.15454
0.005	583	0.898269
0.005	641	1.47952
0.005	705	0.934157
0.005	776	1.69785
0.005	853	1.16839
0.005	939	1.90745
0.005	1033	1.43377
0.005	1136	1.2693
0.005	1249	1.42419
0.005	1374	1.32505
0.005	1512	1.17615
0.005	1663	1.1886
0.005	1830	1.40523
0.005	2013	1.53439
0.005	2214	1.41601
0.005	2435	1.28342
0.005	2679	1.1838
0.005	2947	1.10514
0.005	3242	1.45429
0.005	3566	1.4115
0.005	3922	1.6516
0.005	4315	1.17849
0.005	4746	1.56064
0.01	8	65.0821
0.01	9	58.6573
0.01	10	191.066
0.01	11	43.1915
0.01	12	48.2626
0.01	14	82.7201
0.01	15	43.1787
0.01	17	37.9908
0.01	18	46.2306
0.01	20	33.6281
0.01	22	32.8382
0.01	25	25.8891
0.01	27	22.6088
0.01	30	21.0354
0.01	33	25.8556
0.01	36	16.3982
0.01	40	9.80183
0.01	44	9.73985
0.01	48	11.4572
0.01	53	12.0075
0.01	59	8.61167
0.01	65	5.08206
0.01	71	4.69335
0.01	78	5.22237
0.01	86	7.01235
0.01	95	4.4222
0.01	104	4.97336
0.01	115	2.5219
0.01	126	3.59075
0.01	139	3.17773
0.01	153	3.17064
0.01	168	2.62139
0.01	185	2.0415
0.01	204	2.58984
0.01	224	1.81733
0.01	247	1.98112
0.01	272	2.26011
0.01	299	1.54639
0.01	329	1.70808
0.01	362	2.10039
0.01	398	2.31151
0.01	438	1.02383
0.01	481	1.56581
0.01	530	2.10915
0.01	583	1.33476
0.01	641	1.25229
0.01	705	1.70798
0.01	776	1.0438
0.01	853	1.32494
0.01	939	1.00349
0.01	1033	1.06347
0.01	1136	1.67871
0.01	1249	1.36885
0.01	1374	1.68071
0.01	1512	1.57172
0.01	1663	1.56611
0.01	1830	2.53896
0.01	2013	1.19883
0.01	2214	1.27342
0.01	2435	1.65132
0.01	2679	1.46768
0.01	2947	1.41322
0.01	3242	1.51425
0.01	3566	1.19875
0.01	3922	1.25203
0.01	4315	1.21868
0.01	4746	2.01379
0.015	8	265.671
0.015	9	86.8495
0.015	10	46.4108
0.015	11	63.7863
0.015	12	41.4961
0.015	14	39.887
0.015	15	49.2657
0.015	17	67.4257
0.015	18	43.537
0.015	20	25.1972
0.015	22	29.3069
0.015	25	36.7417
0.015	27	36.884
0.015	30	19.9459
0.015	33	14.6715
0.015	36	14.014
0.015	40	13.2812
0.015	44	15.3088
0.015	48	11.7478
0.015	53	14.648
0.015	59	7.79695
0.015	65	10.3404
0.015	71	7.36675
0.015	78	4.19424
0.015	86	5.44658
0.015	95	4.61471
0.015	104	4.03877
0.015	115	4.54014
0.015	126	3.29555
0.015	139	3.43084
0.015	153	2.64706
0.015	168	1.85755
0.015	185	2.92098
0.015	204	2.93123
0.015	224	1.78496
0.015	247	2.38914
0.015	272	2.33654
0.015	299	2.28894
0.015	329	1.69144
0.015	362	2.16966
0.015	398	1.80682
0.015	438	1.74452
0.015	481	1.34597
0.015	530	1.28161
0.015	583	2.17054
0.015	641	1.51586
0.015	705	1.9833
0.015	776	1.3987
0.015	853	2.29815
0.015	939	1.77364
0.015	1033	1.88308
0.015	1136	1.69658
0.015	1249	1.52723
0.015	1374	1.72549
0.015	1512	1.81466
0.015	1663	1.08428
0.015	1830	1.86985
0.015	2013	2.22021
0.015	2214	1.51014
0.015	2435	1.46419
0.015	2679	1.46311
0.015	2947	1.70714
0.015	3242	1.17906
0.015	3566	1.98614
0.015	3922	1.70199
0.015	4315	1.43592
0.015	4746	1.56172
0.02	8	110.609
0.02	9	102.376
0.02	10	39.8543
0.02	11	50.3166
0.02	12	37.38
0.02	14	45.6691
0.02	15	34.0706
0.02	17	44.0733
0.02	18	38.3048
0.02	20	25.4044
0.02	22	23.1643
0.02	25	26.5003
0.02	27	26.4322
0.02	30	23.5125
0.02	33	26.2971
0.02	36	13.0997
0.02	40	22.0195
0.02	44	10.8589
0.02	48	15.6331
0.02	53	9.75525
0.02	59	5.39279
0.02	65	9.48774
0.02	71	8.56025
0.02	78	5.91781
0.02	86	4.01967
0.02	95	5.10197
0.02	104	8.29012
0.02	115	4.53966
0.02	126	3.29178
0.02	139	2.98136
0.02	153	3.53569
0.02	168	2.63746
0.02	185	2.69771
0.02	204	1.57706
0.02	224	1.67273
0.02	247	2.75536
0.02	272	2.23928
0.02	299	1.29657
0.02	329	1.5953
0.02	362	2.07842
0.02	398	2.62549
0.02	438	2.37254
0.02	481	2.41329
0.02	530	2.39577
0.02	583	1.52348
0.02	641	2.30905
0.02	705	1.32699
0.02	776	1.89188
0.02	853	1.52507
0.02	939	2.28061
0.02	1033	1.67866
0.02	1136	1.6851
0.02	1249	1.67938
0.02	1374	2.40699
0.02	1512	1.40919
0.02	1663	2.16992
0.02	1830	1.92568
0.02	2013	1.76711
0.02	2214	1.38831
0.02	2435	2.35455
0.02	2679	2.06616
0.02	2947	1.97068
0.02	3242	1.87984
0.02	3566	1.60257
0.02	3922	1.47685
0.02	4315	1.97145
0.02	4746	1.49394
0.025	8	3568.89
0.025	9	83.2887
0.025	10	110.702
0.025	11	1637.59
0.025	12	44.6894
0.025	14	58.6348
0.025	15	54.4538
0.025	17	50.1726
0.025	18	37.2766
0.025	20	55.0614
0.025	22	29.7493
0.025	25	23.5526
0.025	27	31.2431
0.025	30	23.5668
0.025	33	24.9635
0.025	36	19.8404
0.025	40	21.8438
0.025	44	13.4792
0.025	48	13.4753
0.025	53	13.6784
0.025	59	6.92193
0.025	65	9.20341
0.025	71	8.22087
0.025	78	5.18604
0.025	86	6.15119
0.025	95	5.02731
0.025	104	7.75061
0.025	115	4.58461
0.025	126	3.57674
0.025	139	3.73258
0.025	153	3.27815
0.025	168	2.4744
0.025	185	3.54995
0.025	204	3.29985
0.025	224	2.29786
0.025	247	2.89883
0.025	272	3.21113
0.025	299	2.48835
0.025	329	2.15176
0.025	362	2.38807
0.025	398	2.222
0.025	438	1.83056
0.025	481	2.47704
0.025	530	2.32409
0.025	583	1.69797
0.025	641	2.36584
0.025	705	2.221
0.025	776	1.6905
0.025	853	1.76389
0.025	939	2.00493
0.025	1033	2.0084
0.025	1136	1.72086
0.025	1249	2.28052
0.025	1374	1.5528
0.025	1512	1.50973
0.025	1663	1.58297
0.025	1830	2.26325
0.025	2013	1.90691
0.025	2214	2.24985
0.025	2435	1.81092
0.025	2679	1.65457
0.025	2947	1.93425
0.025	3242	1.99511
0.025	3566	1.47234
0.025	3922	1.30296
0.025	4315	1.84186
0.025	4746	1.95134
0.03	8	60.8149
0.03	9	197.466
0.03	10	53.7832
0.03	11	156.194
0.03	12	350.335
0.03	14	45.954
0.03	15	59.8632
0.03	17	42.8485
0.03	18	49.0568
0.03	20	28.2688
0.03	22	29.7964
0.03	25	29.7764
0.03	27	24.1631
0.03	30	19.5453
0.03	33	24.1199
0.03	36	22.4224
0.03	40	20.6529
0.03	44	17.6046
0.03	48	10.7272
0.03	53	11.1841
0.03	59	9.36691
0.03	65	7.36791
0.03	71	8.61669
0.03	78	6.59743
0.03	86	7.953
0.03	95	3.73274
0.03	104	4.49247
0.03	115	3.17535
0.03	126	3.70715
0.03	139	3.62567
0.03	153	2.66842
0.03	168	3.50721
0.03	185	3.14923
0.03	204	2.76011
0.03	224	3.6697
0.03	247	3.28014
0.03	272	2.48265
0.03	299	2.58104
0.03	329	3.43643
0.03	362	1.39845
0.03	398	2.76428
0.03	438	2.62521
0.03	481	2.10906
0.03	530	2.90309
0.03	583	2.16177
0.03	641	2.50979
0.03	705	2.08339
0.03	776	2.01648
0.03	853	1.7252
0.03	939	1.66893
0.03	1033	2.1095
0.03	1136	1.29441
0.03	1249	1.91649
0.03	1374	1.8147
0.03	1512	1.49071
0.03	1663	1.86079
0.03	1830	1.87298
0.03	2013	1.99819
0.03	2214	1.67976
0.03	2435	1.87036
0.03	2679	1.79964
0.03	2947	1.47294
0.03	3242	1.53855
0.03	3566	1.60182
0.03	3922	1.56334
0.03	4315	1.81789
0.03	4746	2.66888
0.035	8	63.7814
0.035	9	592.239
0.035	10	54.9427
0.035	11	241.816
0.035	12	34.5086
0.035	14	40.9082
0.035	15	35.7696
0.035	17	38.5716
0.035	18	168.548
0.035	20	109.157
0.035	22	15.7172
0.035	25	27.3582
0.035	27	22.3175
0.035	30	26.7757
0.035	33	17.7959
0.035	36	18.9151
0.035	40	12.1278
0.035	44	13.4137
0.035	48	18.666
0.035	53	13.0763
0.035	59	8.57931
0.035	65	9.42121
0.035	71	5.00128
0.035	78	5.14156
0.035	86	5.84861
0.035	95	4.45907
0.035	104	3.43648
0.035	115	3.36423
0.035	126	3.58853
0.035	139	3.60654
0.035	153	4.49582
0.035	168	5.15922
0.035	185	2.22864
0.035	204	1.7616
0.035	224	2.14555
0.035	247	1.87502
0.035	272	2.29597
0.035	299	2.6706
0.035	329	2.33502
0.035	362	2.42118
0.035	398	2.2829
0.035	438	1.58379
0.035	481	2.02798
0.035	530	1.7511
0.035	583	1.5716
0.035	641	1.48763
0.035	705	2.03476
0.035	776	1.97697
0.035	853	2.33471
0.035	939	2.20058
0.035	1033	2.41307
0.035	1136	1.89218
0.035	1249	2.07654
0.035	1374	1.78282
0.035	1512	1.59349
0.035	1663	2.28606
0.035	1830	1.92882
0.035	2013	1.67741
0.035	2214	1.99041
0.035	2435	1.70157
0.035	2679	1.75579
0.035	2947	1.81323
0.035	3242	2.20479
0.035	3566	1.65251
0.035	3922	1.73016
0.035	4315	1.95142
0.035	4746	1.71601
0.04	8	96.1455
0.04	9	79.5029
0.04	10	8086.7
0.04	11	190.137
0.04	12	64.4011
0.04	14	45.67
0.04	15	39.1355
0.04	17	39.217
0.04	18	50.9525
0.04	20	27.1923
0.04	22	79.4686
0.04	25	31.5453
0.04	27	30.0862
0.04	30	24.3338
0.04	33	24.3172
0.04	36	24.5419
0.04	40	22.2669
0.04	44	19.8841
0.04	48	11.8977
0.04	53	10.01
0.04	59	13.8612
0.04	65	8.55735
0.04	71	10.0934
0.04	78	8.82315
0.04	86	4.66541
0.04	95	3.73749
0.04	104	4.4815
0.04	115	4.52052
0.04	126	4.43486
0.04	139	2.86337
0.04	153	2.74616
0.04	168	3.62507
0.04	185	2.35832
0.04	204	3.23928
0.04	224	3.76029
0.04	247	2.16341
0.04	272	3.47082
0.04	299	2.59264
0.04	329	2.46927
0.04	362	1.83638
0.04	398	2.14116
0.04	438	2.30886
0.04	481	2.53793
0.04	530	3.24461
0.04	583	2.26075
0.04	641	1.97849
0.04	705	1.7738
0.04	776	2.06938
0.04	853	2.356
0.04	939	1.69433
0.04	1033	1.77263
0.04	1136	1.61877
0.04	1249	1.98123
0.04	1374	1.91537
0.04	1512	1.84029
0.04	1663	1.88222
0.04	1830	1.73239
0.04	2013	2.01293
0.04	2214	1.93651
0.04	2435	2.02813
0.04	2679	2.04735
0.04	2947	2.23638
0.04	3242	2.33466
0.04	3566	2.04141
0.04	3922	2.3422
0.04	4315	2.08424
0.04	4746	1.84649
0.045	8	151.352
0.045	9	49.3698
0.045	10	182.756
0.045	11	98.7073
0.045	12	49.126
0.045	14	62.4099
0.045	15	112.17
0.045	17	39.6049
0.045	18	37.8774
0.045	20	45.2573
0.045	22	57.5344
0.045	25	28.2174
0.045	27	27.0643
0.045	30	27.9888
0.045	33	28.0675
0.045	36	24.241
0.045	40	23.7156
0.045	44	24.5034
0.045	48	17.9506
0.045	53	14.6798
0.045	59	11.497
0.045	65	11.5971
0.045	71	6.51432
0.045	78	8.28965
0.045	86	10.8506
0.045	95	5.79275
0.045	104	3.29106
0.045	115	5.60022
0.045	126	3.28199
0.045	139	4.74745
0.045	153	2.96411
0.045	168	3.16335
0.045	185	2.8592
0.045	204	2.60838
0.045	224	2.41246
0.045	247	2.17763
0.045	272	2.25432
0.045	299	1.89623
0.045	329	2.64443
0.045	362	2.82004
0.045	398	3.10338
0.045	438	2.69168
0.045	481	1.86493
0.045	530	2.18121
0.045	583	2.09517
0.045	641	1.84494
0.045	705	2.90946
0.045	776	2.26797
0.045	853	2.06243
0.045	939	2.19903
0.045	1033	1.81959
0.045	1136	2.23295
0.045	1249	1.86076
0.045	1374	2.29766
0.045	1512	1.88825
0.045	1663	1.64221
0.045	1830	2.38882
0.045	2013	1.60938
0.045	2214	1.88473
0.045	2435	1.92914
0.045	2679	1.82076
0.045	2947	2.12984
0.045	3242	2.08273
0.045	3566	2.45678
0.045	3922	1.78671
0.045	4315	2.21885
0.045	4746	1.95846
0.05	8	134.501
0.05	9	137.335
0.05	10	61.0655
0.05	11	39.4194
0.05	12	80.655
0.05	14	43.3962
0.05	15	72.6656
0.05	17	43.9862
0.05	18	68.7776
0.05	20	28.5025
0.05	22	48.5984
0.05	25	33.7972
0.05	27	30.9517
0.05	30	21.9997
0.05	33	41.5182
0.05	36	19.1237
0.05	40	26.739
0.05	44	14.4206
0.05	48	15.2255
0.05	53	11.8498
0.05	59	16.6983
0.05	65	11.3485
0.05	71	8.28759
0.05	78	6.07911
0.05	86	8.69821
0.05	95	8.07154
0.05	104	6.5071
0.05	115	4.24216
0.05	126	6.04941
0.05	139	3.37709
0.05	153	4.62787
0.05	168	2.88518
0.05	185	2.77171
0.05	204	3.07836
0.05	224	1.76895
0.05	247	3.25837
0.05	272	2.65189
0.05	299	3.14239
0.05	329	3.80986
0.05	362	4.06993
0.05	398	3.16333
0.05	438	2.00716
0.05	481	2.47769
0.05	530	1.97541
0.05	583	2.15613
0.05	641	2.53311
0.05	705	2.16134
0.05	776	1.75954
0.05	853	2.34859
0.05	939	2.3567
0.05	1033	2.26011
0.05	1136	2.08198
0.05	1249	2.1307
0.05	1374	2.11392
0.05	1512	1.87363
0.05	1663	1.6642
0.05	1830	1.72524
0.05	2013	1.58633
0.05	2214	2.20942
0.05	2435	2.39418
0.05	2679	1.94307
0.05	2947	1.94145
0.05	3242	2.01534
0.05	3566	1.89147
0.05	3922	1.9867
0.05	4315	2.13275
0.05	4746	2.14231
0.055	8	666.792
0.055	9	4120.75
0.055	10	90.0618
0.055	11	653.845
0.055	12	58.8655
0.055	14	121.922
0.055	15	48.3115
0.055	17	59.643
0.055	18	71.8309
0.055	20	87.5048
0.055	22	82.443
0.055	25	37.3064
0.055	27	38.682
0.055	30	39.1961
0.055	33	23.3434
0.055	36	25.4753
0.055	40	34.4671
0.055	44	17.3011
0.055	48	11.9016
0.055	53	11.2782
0.055	59	10.5474
0.055	65	12.82
0.055	71	11.0546
0.055	78	8.91471
0.055	86	7.39024
0.055	95	7.16635
0.055	104	5.5399
0.055	115	5.07423
0.055	126	4.29605
0.055	139	5.31026
0.055	153	5.35071
0.055	168	3.38917
0.055	185	3.15433
0.055	204	3.63133
0.055	224	3.47104
0.055	247	2.48969
0.055	272	3.23723
0.055	299	3.14518
0.055	329	2.88315
0.055	362	2.33377
0.055	398	3.18527
0.055	438	2.44554
0.055	481	2.05319
0.055	530	1.99198
0.055	583	2.08101
0.055	641	2.35262
0.055	705	2.31585
0.055	776	3.03822
0.055	853	1.71357
0.055	939	2.05447
0.055	1033	2.21573
0.055	1136	1.99908
0.055	1249	2.21761
0.055	1374	2.43751
0.055	1512	2.71733
0.055	1663	2.23065
0.055	1830	2.17103
0.055	2013	1.86932
0.055	2214	2.12979
0.055	2435	2.03446
0.055	2679	2.11987
0.055	2947	2.24539
0.055	3242	2.34615
0.055	3566	2.07138
0.055	3922	2.08603
0.055	4315	2.48677
0.055	4746	2.05548
0.06	8	2081.29
0.06	9	547.686
0.06	10	83.7521
0.06	11	73.7536
0.06	12	75.7513
0.06	14	97.0168
0.06	15	107.555
0.06	17	54.4047
0.06	18	42.7091
0.06	20	39.5501
0.06	22	64.0744
0.06	25	52.5192
0.06	27	28.9851
0.06	30	28.8593
0.06	33	24.3606
0.06	36	19.8506
0.06	40	31.1156
0.06	44	18.4573
0.06	48	11.1665
0.06	53	20.3126
0.06	59	13.7932
0.06	65	15.9074
0.06	71	15.3044
0.06	78	9.56985
0.06	86	13.1869
0.06	95	4.02377
0.06	104	6.04612
0.06	115	5.92356
0.06	126	4.10137
0.06	139	5.06354
0.06	153	3.62298
0.06	168	3.7008
0.06	185	3.52787
0.06	204	2.57571
0.06	224	4.49045
0.06	247	2.39418
0.06	272	2.08935
0.06	299	2.043
0.06	329	2.26856
0.06	362	3.10485
0.06	398	2.40557
0.06	438	2.73439
0.06	481	2.25612
0.06	530	3.03399
0.06	583	2.05254
0.06	641	3.13033
0.06	705	3.06679
0.06	776	2.09408
0.06	853	2.49714
0.06	939	2.24449
0.06	1033	2.63826
0.06	1136	1.56605
0.06	1249	2.09554
0.06	1374	1.98857
0.06	1512	1.98955
0.06	1663	2.43207
0.06	1830	2.20909
0.06	2013	2.03018
0.06	2214	1.61834
0.06	2435	1.98995
0.06	2679	1.4836
0.06	2947	1.9827
0.06	3242	1.65972
0.06	3566	1.78846
0.06	3922	2.54041
0.06	4315	2.69847
0.06	4746	2.43365
0.065	8	93.5229
0.065	9	91.4329
0.065	10	270.302
0.065	11	104.352
0.065	12	73.373
0.065	14	93.8488
0.065	15	52.4384
0.065	17	62.2606
0.065	18	35.4286
0.065	20	40.1915
0.065	22	30.513
0.065	25	28.4737
0.065	27	24.5799
0.065	30	30.7626
0.065	33	26.1521
0.065	36	23.8295
0.065	40	21.4713
0.065	44	20.7164
0.065	48	17.7203
0.065	53	14.6657
0.065	59	12.1612
0.065	65	11.6704
0.065	71	9.667
0.065	78	11.1354
0.065	86	6.30596
0.065	95	7.12785
0.065	104	6.86906
0.065	115	4.77543
0.065	126	5.65732
0.065	139	3.81383
0.065	153	4.22005
0.065	168	4.22299
0.065	185	3.41467
0.065	204	3.4496
0.065	224	3.11299
0.065	247	3.58062
0.065	272	2.64858
0.065	299	2.26087
0.065	329	2.58859
0.065	362	3.08958
0.065	398	3.37351
0.065	438	2.72556
0.065	481	2.72357
0.065	530	2.40766
0.065	583	2.35424
0.065	641	2.59519
0.065	705	2.49454
0.065	776	2.08732
0.065	853	2.04316
0.065	939	2.51133
0.065	1033	2.301
0.065	1136	2.72505
0.065	1249	2.73696
0.065	1374	1.75641
0.065	1512	1.93377
0.065	1663	1.93282
0.065	1830	1.6407
0.065	2013	2.03809
0.065	2214	2.05263
0.065	2435	2.44244
0.065	2679	2.21636
0.065	2947	2.14894
0.065	3242	2.05022
0.065	3566	1.86162
0.065	3922	2.12005
0.065	4315	1.99592
0.065	4746	2.13595
0.07	8	5093.28
0.07	9	52.2829
0.07	10	64.2829
0.07	11	57.1993
0.07	12	65.2665
0.07	14	141.48
0.07	15	42.9027
0.07	17	45.4679
0.07	18	30.0537
0.07	20	188.486
0.07	22	32.3225
0.07	25	43.981
0.07	27	28.8933
0.07	30	45.2828
0.07	33	28.9334
0.07	36	26.4189
0.07	40	21.6768
0.07	44	20.2379
0.07	48	19.2065
0.07	53	9.8344
0.07	59	11.7632
0.07	65	10.9446
0.07	71	9.24512
0.07	78	7.0008
0.07	86	5.65675
0.07	95	7.6848
0.07	104	4.76199
0.07	115	6.23185
0.07	126	5.06365
0.07	139	3.59297
0.07	153	4.23484
0.07	168	3.63685
0.07	185	4.23688
0.07	204	3.49461
0.07	224	4.56638
0.07	247	2.99626
0.07	272	3.0463
0.07	299	3.06101
0.07	329	3.34817
0.07	362	3.36608
0.07	398	2.12573
0.07	438	2.71606
0.07	481	2.34331
0.07	530	3.50217
0.07	583	2.43042
0.07	641	2.79188
0.07	705	2.56537
0.07	776	2.43592
0.07	853	1.879
0.07	939	2.56395
0.07	1033	1.93402
0.07	1136	2.31421
0.07	1249	2.03434
0.07	1374	2.11063
0.07	1512	2.83101
0.07	1663	2.52089
0.07	1830	1.98446
0.07	2013	2.34134
0.07	2214	1.80681
0.07	2435	2.06122
0.07	2679	1.80585
0.07	2947	2.4773
0.07	3242	2.40662
0.07	3566	2.16774
0.07	3922	2.13117
0.07	4315	2.06576
0.07	4746	1.98607
0.075	8	261.876
0.075	9	144.254
0.075	10	141.219
0.075	11	58.1935
0.075	12	356.114
0.075	14	81.2881
0.075	15	71.3116
0.075	17	41.7622
0.075	18	41.2413
0.075	20	35.0585
0.075	22	30.9192
0.075	25	47.2248
0.075	27	44.1496
0.075	30	32.6117
0.075	33	22.2156
0.075	36	41.0726
0.075	40	25.5735
0.075	44	24.9848
0.075	48	18.8534
0.075	53	16.7911
0.075	59	16.8083
0.075	65	13.1353
0.075	71	10.5544
0.075	78	9.56378
0.075	86	7.3892
0.075	95	8.36827
0.075	104	5.78577
0.075	115	5.54248
0.075	126	6.74554
0.075	139	5.14475
0.075	153	4.52708
0.075	168	3.6124
0.075	185	3.89556
0.075	204	3.32444
0.075	224	3.37588
0.075	247	3.56622
0.075	272	3.02091
0.075	299	3.70987
0.075	329	2.35737
0.075	362	2.42873
0.075	398	2.17172
0.075	438	2.8465
0.075	481	3.16076
0.075	530	2.93045
0.075	583	2.78525
0.075	641	2.55526
0.075	705	2.82176
0.075	776	2.59597
0.075	853	2.64062
0.075	939	2.69783
0.075	1033	2.10171
0.075	1136	2.16033
0.075	1249	2.32765
0.075	1374	1.94601
0.075	1512	1.92315
0.075	1663	2.60371
0.075	1830	1.90468
0.075	2013	2.42486
0.075	2214	2.02873
0.075	2435	2.1228
0.075	2679	2.31228
0.075	2947	2.10986
0.075	3242	2.45719
0.075	3566	3.11116
0.075	3922	2.10626
0.075	4315	2.22577
0.075	4746	2.66235
0.08	8	144.499
0.08	9	6049.78
0.08	10	189.453
0.08	11	108.579
0.08	12	211.617
0.08	14	88.4132
0.08	15	64.2749
0.08	17	48.4369
0.08	18	62.6756
0.08	20	43.1715
0.08	22	43.119
0.08	25	33.1711
0.08	27	46.5729
0.08	30	33.3554
0.08	33	28.7892
0.08	36	25.5332
0.08	40	31.2403
0.08	44	18.4464
0.08	48	13.866
0.08	53	18.8232
0.08	59	15.9025
0.08	65	10.6905
0.08	71	12.3464
0.08	78	7.15269
0.08	86	7.86863
0.08	95	8.13596
0.08	104	7.3632
0.08	115	5.70211
0.08	126	5.81062
0.08	139	4.63158
0.08	153	7.01496
0.08	168	2.63295
0.08	185	4.84492
0.08	204	3.96605
0.08	224	3.48887
0.08	247	2.39809
0.08	272	2.29452
0.08	299	3.69705
0.08	329	2.93691
0.08	362	2.5182
0.08	398	3.78839
0.08	438	2.80585
0.08	481	2.56785
0.08	530	2.07481
0.08	583	2.04004
0.08	641	2.76199
0.08	705	2.07953
0.08	776	2.8746
0.08	853	2.09422
0.08	939	2.26395
0.08	1033	2.80709
0.08	1136	2.62211
0.08	1249	2.85187
0.08	1374	2.66416
0.08	1512	2.47836
0.08	1663	2.50777
0.08	1830	2.06598
0.08	2013	2.05991
0.08	2214	2.52935
0.08	2435	2.23404
0.08	2679	3.36318
0.08	2947	2.52175
0.08	3242	2.1905
0.08	3566	2.42782
0.08	3922	2.13307
0.08	4315	2.60065
0.08	4746	2.16004
0.085	8	1506.27
0.085	9	82.9759
0.085	10	143.875
0.085	11	61.0219
0.085	12	39.5245
0.085	14	67.4639
0.085	15	63.1318
0.085	17	43.8411
0.085	18	57.1408
0.085	20	40.3923
0.085	22	55.0148
0.085	25	51.4538
0.085	27	39.1233
0.085	30	28.7822
0.085	33	36.1164
0.085	36	28.0665
0.085	40	21.8566
0.085	44	20.3133
0.085	48	17.748
0.085	53	16.2955
0.085	59	15.4116
0.085	65	12.4555
0.085	71	11.2294
0.085	78	9.62283
0.085	86	6.51879
0.085	95	8.26166
0.085	104	5.73355
0.085	115	4.51116
0.085	126	5.36177
0.085	139	6.63354
0.085	153	4.94214
0.085	168	4.61896
0.085	185	3.5446
0.085	204	4.02523
0.085	224	2.79499
0.085	247	3.69566
0.085	272	3.94972
0.085	299	2.55275
0.085	329	2.6488
0.085	362	3.63574
0.085	398	2.33566
0.085	438	3.16992
0.085	481	2.43927
0.085	530	2.43591
0.085	583	2.83565
0.085	641	2.05454
0.085	705	2.70638
0.085	776	1.85425
0.085	853	2.54727
0.085	939	2.08702
0.085	1033	2.69847
0.085	1136	2.58011
0.085	1249	2.19719
0.085	1374	2.15921
0.085	1512	1.98297
0.085	1663	1.94146
0.085	1830	2.58804
0.085	2013	2.22699
0.085	2214	2.21864
0.085	2435	2.39901
0.085	2679	2.58726
0.085	2947	1.97036
0.085	3242	2.3383
0.085	3566	2.37398
0.085	3922	2.68562
0.085	4315	1.90881
0.085	4746	1.86052
0.09	8	76407.9
0.09	9	9284.7
0.09	10	188.287
0.09	11	74.3685
0.09	12	49.2147
0.09	14	47.8496
0.09	15	40.9875
0.09	17	86.6143
0.09	18	52.0846
0.09	20	41.3743
0.09	22	36.294
0.09	25	36.3679
0.09	27	41.7402
0.09	30	27.3445
0.09	33	27.6384
0.09	36	23.3712
0.09	40	19.3345
0.09	44	19.6665
0.09	48	19.1507
0.09	53	20.2131
0.09	59	15.9388
0.09	65	11.073
0.09	71	13.4247
0.09	78	8.34278
0.09	86	7.69286
0.09	95	6.35457
0.09	104	6.8799
0.09	115	6.09783
0.09	126	4.28956
0.09	139	5.86531
0.09	153	4.15744
0.09	168	4.6603
0.09	185	3.24005
0.09	204	5.40159
0.09	224	4.27216
0.09	247	3.31621
0.09	272	4.03687
0.09	299	2.84258
0.09	329	2.90487
0.09	362	2.53298
0.09	398	2.80939
0.09	438	3.13816
0.09	481	3.11646
0.09	530	2.89755
0.09	583	3.03277
0.09	641	2.06787
0.09	705	3.22231
0.09	776	3.00737
0.09	853	2.38912
0.09	939	2.95552
0.09	1033	2.75211
0.09	1136	3.21712
0.09	1249	2.26707
0.09	1374	2.57858
0.09	1512	2.2745
0.09	1663	2.3737
0.09	1830	2.23707
0.09	2013	2.22944
0.09	2214	2.28056
0.09	2435	2.5138
0.09	2679	1.99389
0.09	2947	2.5337
0.09	3242	2.44079
0.09	3566	2.11846
0.09	3922	2.22083
0.09	4315	2.55991
0.09	4746	1.86064
0.095	8	147.949
0.095	9	81.7046
0.095	10	348.805
0.095	11	248.217
0.095	12	114.273
0.095	14	54.0857
0.095	15	103.325
0.095	17	41.3528
0.095	18	47.0958
0.095	20	110.09
0.095	22	51.5196
0.095	25	29.1119
0.095	27	34.344
0.095	30	48.0615
0.095	33	31.2007
0.095	36	24.9328
0.095	40	17.2808
0.095	44	23.6903
0.095	48	19.2633
0.095	53	12.919
0.095	59	13.6437
0.095	65	15.471
0.095	71	12.8977
0.095	78	8.87735
0.095	86	11.9799
0.095	95	7.31787
0.095	104	6.06896
0.095	115	6.03653
0.095	126	7.46311
0.095	139	4.32479
0.095	153	3.81016
0.095	168	4.93967
0.095	185	5.41212
0.095	204	4.6859
0.095	224	3.87022
0.095	247	3.35828
0.095	272	3.69562
0.095	299	3.12555
0.095	329	3.16837
0.095	362	3.31106
0.095	398	2.7433
0.095	438	3.20081
0.095	481	2.35985
0.095	530	3.65394
0.095	583	2.79644
0.095	641	2.60131
0.095	705	2.32514
0.095	776	3.08962
0.095	853	3.3357
0.095	939	2.22262
0.095	1033	2.56511
0.095	1136	2.10118
0.095	1249	2.24501
0.095	1374	2.45271
0.095	1512	2.23472
0.095	1663	2.17329
0.095	1830	2.41517
0.095	2013	1.8633
0.095	2214	2.48418
0.095	2435	2.75243
0.095	2679	2.06199
0.095	2947	2.15096
0.095	3242	2.07662
0.095	3566	2.4159
0.095	3922	2.38023
0.095	4315	2.58377
0.095	4746	2.20522
0.1	8	254.287
0.1	9	174.076
0.1	10	95.2698
0.1	11	2702.01
0.1	12	427.585
0.1	14	50.5702
0.1	15	57.5415
0.1	17	41.4632
0.1	18	37.1274
0.1	20	48.5412
0.1	22	61.9181
0.1	25	39.8786
0.1	27	27.7237
0.1	30	34.5283
0.1	33	26.1432
0.1	36	21.8148
0.1	40	24.2039
0.1	44	32.8838
0.1	48	19.9813
0.1	53	10.0947
0.1	59	17.9369
0.1	65	14.1902
0.1	71	6.08199
0.1	78	10.7775
0.1	86	7.19631
0.1	95	4.63481
0.1	104	7.86869
0.1	115	6.64243
0.1	126	7.01742
0.1	139	6.20545
0.1	153	6.9167
0.1	168	3.91707
0.1	185	4.50527
0.1	204	5.29361
0.1	224	4.26137
0.1	247	3.22023
0.1	272	3.98047
0.1	299	3.82817
0.1	329	2.87321
0.1	362	3.2841
0.1	398	3.35751
0.1	438	2.94665
0.1	481	2.73805
0.1	530	2.88383
0.1	583	3.1062
0.1	641	2.62651
0.1	705	2.86995
0.1	776	3.37985
0.1	853	2.65873
0.1	939	3.057
0.1	1033	2.43901
0.1	1136	2.30324
0.1	1249	2.20886
0.1	1374	2.24814
0.1	1512	2.74359
0.1	1663	2.29219
0.1	1830	2.4471
0.1	2013	2.51629
0.1	2214	2.42889
0.1	2435	2.27015
0.1	2679	2.56682
0.1	2947	2.30345
0.1	3242	2.52551
0.1	3566	2.4411
0.1	3922	2.5722
0.1	4315	2.47593
0.1	4746	2.84682
0.105	8	236.382
0.105	9	178.638
0.105	10	101.05
0.105	11	75.2276
0.105	12	111.669
0.105	14	1517.66
0.105	15	149.296
0.105	17	96.7606
0.105	18	111.588
0.105	20	46.6465
0.105	22	28.7998
0.105	25	28.3508
0.105	27	41.727
0.105	30	31.1387
0.105	33	24.6509
0.105	36	24.8194
0.105	40	28.1495
0.105	44	21.7128
0.105	48	22.9323
0.105	53	14.8822
0.105	59	14.9672
0.105	65	16.3247
0.105	71	10.4063
0.105	78	11.3028
0.105	86	12.4846
0.105	95	8.7904
0.105	104	4.77429
0.105	115	10.5082
0.105	126	6.18649
0.105	139	6.81728
0.105	153	5.96839
0.105	168	3.81521
0.105	185	4.54861
0.105	204	4.05353
0.105	224	3.73522
0.105	247	2.83101
0.105	272	3.80447
0.105	299	2.67163
0.105	329	2.83909
0.105	362	3.67097
0.105	398	3.31804
0.105	438	3.16983
0.105	481	2.97845
0.105	530	2.78503
0.105	583	2.95639
0.105	641	2.16032
0.105	705	2.71757
0.105	776	3.05909
0.105	853	3.12532
0.105	939	2.84934
0.105	1033	2.79574
0.105	1136	2.59078
0.105	1249	3.13701
0.105	1374	2.13541
0.105	1512	1.71634
0.105	1663	2.7838
0.105	1830	2.3099
0.105	2013	2.31214
0.105	2214	3.06653
0.105	2435	2.1621
0.105	2679	2.42722
0.105	2947	2.71254
0.105	3242	2.59041
0.105	3566	2.00945
0.105	3922	2.2634
0.105	4315	2.57669
0.105	4746	2.56333
0.11	8	9046.89
0.11	9	381.246
0.11	10	26333.8
0.11	11	124.187
0.11	12	126.396
0.11	14	45.2193
0.11	15	61.5953
0.11	17	138.708
0.11	18	49.3776
0.11	20	37.2272
0.11	22	35.9209
0.11	25	33.1624
0.11	27	31.4903
0.11	30	44.6373
0.11	33	28.3557
0.11	36	26.4966
0.11	40	25.6025
0.11	44	15.0242
0.11	48	21.8208
0.11	53	19.4562
0.11	59	11.9529
0.11	65	15.2321
0.11	71	12.5685
0.11	78	11.2953
0.11	86	11.1987
0.11	95	10.5078
0.11	104	6.19739
0.11	115	7.30898
0.11	126	7.1374
0.11	139	4.07314
0.11	153	3.88903
0.11	168	4.50321
0.11	185	4.84448
0.11	204	4.09087
0.11	224	4.85952
0.11	247	3.97076
0.11	272	2.39267
0.11	299	3.76549
0.11	329	3.31839
0.11	362	3.31242
0.11	398	3.37469
0.11	438	3.10641
0.11	481	2.53167
0.11	530	3.43063
0.11	583	3.05161
0.11	641	2.86305
0.11	705	3.07345
0.11	776	3.09655
0.11	853	2.51271
0.11	939	2.65401
0.11	1033	2.92713
0.11	1136	2.51878
0.11	1249	3.08083
0.11	1374	3.23309
0.11	1512	2.61963
0.11	1663	2.73143
0.11	1830	2.51346
0.11	2013	2.39006
0.11	2214	2.2829
0.11	2435	2.69056
0.11	2679	2.48218
0.11	2947	2.30252
0.11	3242	2.39025
0.11	3566	2.79219
0.11	3922	2.629
0.11	4315	2.07224
0.11	4746	2.17167
0.115	8	297.362
0.115	9	74.6025
0.115	10	230.89
0.115	11	3120.75
0.115	12	391.948
0.115	14	53.8171
0.115	15	153.674
0.115	17	38.442
0.115	18	49.6412
0.115	20	40.042
0.115	22	34.5732
0.115	25	46.9974
0.115	27	36.6945
0.115	30	37.9299
0.115	33	34.0926
0.115	36	22.7226
0.115	40	40.0957
0.115	44	24.4435
0.115	48	22.9154
0.115	53	22.3002
0.115	59	12.6503
0.115	65	12.6061
0.115	71	12.3519
0.115	78	10.0554
0.115	86	7.59183
0.115	95	9.55271
0.115	104	5.08019
0.115	115	9.62008
0.115	126	7.27916
0.115	139	8.07354
0.115	153	5.53454
0.115	168	5.13821
0.115	185	3.44579
0.115	204	5.9396
0.115	224	4.31332
0.115	247	3.00436
0.115	272	4.21086
0.115	299	3.11111
0.115	329	4.00514
0.115	362	3.16372
0.115	398	2.42903
0.115	438	3.47918
0.115	481	2.44202
0.115	530	2.94763
0.115	583	2.71525
0.115	641	2.94182
0.115	705	3.86035
0.115	776	2.8816
0.115	853	3.54678
0.115	939	3.50094
0.115	1033	2.38183
0.115	1136	2.62303
0.115	1249	2.37629
0.115	1374	2.49922
0.115	1512	2.79366
0.115	1663	2.36786
0.115	1830	2.03265
0.115	2013	2.30002
0.115	2214	2.45283
0.115	2435	2.49099
0.115	2679	2.5015
0.115	2947	2.69847
0.115	3242	2.89954
0.115	3566	2.40868
0.115	3922	2.41117
0.115	4315	2.39956
0.115	4746	2.06834
0.12	8	523.081
0.12	9	141.104
0.12	10	81.4226
0.12	11	104.034
0.12	12	56.3462
0.12	14	153.24
0.12	15	75.9717
0.12	17	44.1985
0.12	18	44.0888
0.12	20	68.0672
0.12	22	33.1641
0.12	25	47.101
0.12	27	36.4002
0.12	30	28.4563
0.12	33	24.2297
0.12	36	26.914
0.12	40	26.5024
0.12	44	23.67
0.12	48	18.3626
0.12	53	20.3365
0.12	59	15.0838
0.12	65	11.1058
0.12	71	15.0146
0.12	78	12.4825
0.12	86	9.12664
0.12	95	10.8296
0.12	104	6.30788
0.12	115	7.87766
0.12	126	6.9439
0.12	139	6.19619
0.12	153	6.55486
0.12	168	4.94414
0.12	185	4.80698
0.12	204	3.67948
0.12	224	3.13314
0.12	247	3.46424
0.12	272	3.94316
0.12	299	3.61529
0.12	329	3.97377
0.12	362	3.60325
0.12	398	3.16789
0.12	438	2.92763
0.12	481	2.93188
0.12	530	3.04618
0.12	583	2.50561
0.12	641	3.20543
0.12	705	2.56419
0.12	776	2.85276
0.12	853	2.38548
0.12	939	2.75476
0.12	1033	3.05978
0.12	1136	2.44913
0.12	1249	2.36174
0.12	1374	2.42481
0.12	1512	3.09023
0.12	1663	2.2498
0.12	1830	2.16986
0.12	2013	3.01527
0.12	2214	2.80132
0.12	2435	2.40473
0.12	2679	2.75829
0.12	2947	1.98528
0.12	3242	3.36987
0.12	3566	2.92106
0.12	3922	2.16377
0.12	4315	2.19829
0.12	4746	2.10546
0.125	8	23057.6
0.125	9	1041.57
0.125	10	69.4358
0.125	11	232.492
0.125	12	132.787
0.125	14	50.7732
0.125	15	146.538
0.125	17	58.1538
0.125	18	52.4254
0.125	20	3232.22
0.125	22	46.1433
0.125	25	29.8555
0.125	27	35.9266
0.125	30	37.7738
0.125	33	22.2734
0.125	36	42.883
0.125	40	29.5481
0.125	44	18.0368
0.125	48	21.5595
0.125	53	21.2674
0.125	59	27.3436
0.125	65	14.2196
0.125	71	12.5512
0.125	78	11.3089
0.125	86	12.9394
0.125	95	11.5019
0.125	104	7.92754
0.125	115	7.12618
0.125	126	5.17376
0.125	139	5.74995
0.125	153	5.43531
0.125	168	5.788
0.125	185	6.79996
0.125	204	4.60646
0.125	224	4.13956
0.125	247	3.64432
0.125	272	3.96744
0.125	299	3.56913
0.125	329	3.776
0.125	362	3.34074
0.125	398	2.93483
0.125	438	3.12324
0.125	481	2.8857
0.125	530	3.34077
0.125	583	2.13341
0.125	641	3.66089
0.125	705	3.1569
0.125	776	3.61762
0.125	853	3.27206
0.125	939	3.14437
0.125	1033	2.39186
0.125	1136	3.34175
0.125	1249	3.04247
0.125	1374	3.43029
0.125	1512	2.6409
0.125	1663	2.49177
0.125	1830	2.0077
0.125	2013	3.42018
0.125	2214	3.24127
0.125	2435	2.6092
0.125	2679	2.44739
0.125	2947	2.74111
0.125	3242	2.37021
0.125	3566	2.5201
0.125	3922	2.78644
0.125	4315	2.9846
0.125	4746	2.17776
0.13	8	204.157
0.13	9	1773.13
0.13	10	366.957
0.13	11	884.481
0.13	12	62.0829
0.13	14	111.119
0.13	15	58.2615
0.13	17	125.543
0.13	18	71.9553
0.13	20	57.4044
0.13	22	44.5136
0.13	25	32.0281
0.13	27	36.7571
0.13	30	28.9954
0.13	33	28.4014
0.13	36	23.8893
0.13	40	17.0436
0.13	44	20.0276
0.13	48	21.3086
0.13	53	17.3537
0.13	59	13.3718
0.13	65	12.3953
0.13	71	12.7217
0.13	78	15.8589
0.13	86	10.8163
0.13	95	9.0418
0.13	104	8.78315
0.13	115	6.27611
0.13	126	6.45026
0.13	139	6.09031
0.13	153	4.14353
0.13	168	4.67016
0.13	185	3.99442
0.13	204	3.64489
0.13	224	3.43316
0.13	247	3.96642
0.13	272	4.78125
0.13	299	3.66598
0.13	329	3.51872
0.13	362	3.96561
0.13	398	3.17668
0.13	438	3.54711
0.13	481	2.96056
0.13	530	2.74686
0.13	583	3.13449
0.13	641	3.14451
0.13	705	2.82873
0.13	776	2.61033
0.13	853	2.50079
0.13	939	3.00021
0.13	1033	2.79865
0.13	1136	3.84704
0.13	1249	2.37582
0.13	1374	2.80904
0.13	1512	2.40391
0.13	1663	2.36984
0.13	1830	2.95293
0.13	2013	2.37453
0.13	2214	2.28824
0.13	2435	3.33537
0.13	2679	3.09461
0.13	2947	2.80478
0.13	3242	2.64388
0.13	3566	2.50108
0.13	3922	3.0883
0.13	4315	2.78126
0.13	4746	2.425
0.135	8	23593.6
0.135	9	609.555
0.135	10	470.837
0.135	11	205.143
0.135	12	68.425
0.135	14	65.644
0.135	15	56.3683
0.135	17	41.8644
0.135	18	58.9012
0.135	20	139.069
0.135	22	42.9471
0.135	25	37.0929
0.135	27	36.4159
0.135	30	80.2543
0.135	33	33.82
0.135	36	29.1136
0.135	40	24.5514
0.135	44	19.6835
0.135	48	23.3006
0.135	53	14.2827
0.135	59	18.6935
0.135	65	16.0749
0.135	71	14.0511
0.135	78	8.42222
0.135	86	10.7948
0.135	95	7.66167
0.135	104	7.19158
0.135	115	8.21656
0.135	126	8.98203
0.135	139	5.09044
0.135	153	6.9161
0.135	168	7.09594
0.135	185	6.40016
0.135	204	4.39492
0.135	224	4.68487
0.135	247	4.39205
0.135	272	3.6284
0.135	299	3.02183
0.135	329	3.4162
0.135	362	2.89847
0.135	398	3.40414
0.135	438	3.326
0.135	481	3.16741
0.135	530	3.2402
0.135	583	3.33825
0.135	641	3.14614
0.135	705	2.74647
0.135	776	2.40223
0.135	853	2.17299
0.135	939	2.5366
0.135	1033	3.34711
0.135	1136	2.55458
0.135	1249	3.02345
0.135	1374	2.59816
0.135	1512	2.64997
0.135	1663	2.76542
0.135	1830	2.71981
0.135	2013	2.74472
0.135	2214	2.5687
0.135	2435	2.5274
0.135	2679	2.56462
0.135	2947	2.27945
0.135	3242	2.31716
0.135	3566	2.90436
0.135	3922	2.59199
0.135	4315	2.38016
0.135	4746	2.68466
0.14	8	518.746
0.14	9	102.247
0.14	10	69.8685
0.14	11	64.3538
0.14	12	93.6991
0.14	14	78.2016
0.14	15	75.954
0.14	17	1079.9
0.14	18	51.2349
0.14	20	41.5288
0.14	22	46.2057
0.14	25	38.2753
0.14	27	30.9736
0.14	30	35.3226
0.14	33	27.3361
0.14	36	19.3293
0.14	40	18.2862
0.14	44	19.9796
0.14	48	19.962
0.14	53	17.0407
0.14	59	18.7361
0.14	65	18.4932
0.14	71	12.3304
0.14	78	11.8274
0.14	86	11.1846
0.14	95	12.2673
0.14	104	8.22345
0.14	115	8.8266
0.14	126	7.28958
0.14	139	10.5573
0.14	153	5.51871
0.14	168	7.01285
0.14	185	5.2332
0.14	204	4.56297
0.14	224	5.07917
0.14	247	4.98328
0.14	272	3.99082
0.14	299	3.22432
0.14	329	3.13706
0.14	362	3.95022
0.14	398	2.45029
0.14	438	3.45176
0.14	481	3.45889
0.14	530	2.96901
0.14	583	3.97712
0.14	641	3.59453
0.14	705	2.8149
0.14	776	3.40936
0.14	853	2.76125
0.14	939	3.10678
0.14	1033	3.37962
0.14	1136	2.6356
0.14	1249	2.8913
0.14	1374	2.21163
0.14	1512	3.39236
0.14	1663	3.0293
0.14	1830	2.62026
0.14	2013	2.66743
0.14	2214	2.54289
0.14	2435	2.63735
0.14	2679	2.56662
0.14	2947	2.54292
0.14	3242	1.97844
0.14	3566	2.72894
0.14	3922	2.61013
0.14	4315	2.56786
0.14	4746	2.94087
0.145	8	324.692
0.145	9	296.125
0.145	10	107.166
0.145	11	502.534
0.145	12	291.935
0.145	14	43.1901
0.145	15	86.281
0.145	17	59.3999
0.145	18	53.3625
0.145	20	52.2766
0.145	22	56.946
0.145	25	34.1758
0.145	27	37.2658
0.145	30	33.3919
0.145	33	36.5583
0.145	36	31.5217
0.145	40	20.9282
0.145	44	24.0179
0.145	48	33.0403
0.145	53	20.7089
0.145	59	17.1846
0.145	65	12.5369
0.145	71	13.0436
0.145	78	11.026
0.145	86	10.9759
0.145	95	10.6947
0.145	104	8.58782
0.145	115	14.9762
0.145	126	7.52447
0.145	139	6.25874
0.145	153	5.59006
0.145	168	6.26611
0.145	185	4.48473
0.145	204	5.11315
0.145	224	4.75244
0.145	247	5.67478
0.145	272	4.34135
0.145	299	5.0479
0.145	329	3.2859
0.145	362	3.94557
0.145	398	3.53087
0.145	438	3.27958
0.145	481	3.2069
0.145	530	3.95667
0.145	583	2.81428
0.145	641	3.10178
0.145	705	3.71789
0.145	776	3.34474
0.145	853	3.29326
0.145	939	3.13487
0.145	1033	3.27249
0.145	1136	2.84336
0.145	1249	3.01338
0.145	1374	2.88936
0.145	1512	2.91889
0.145	1663	3.03391
0.145	1830	3.30737
0.145	2013	2.66803
0.145	2214	2.70643
0.145	2435	3.19475
0.145	2679	2.58425
0.145	2947	2.89646
0.145	3242	2.31422
0.145	3566	2.84813
0.145	3922	2.38559
0.145	4315	2.52709
0.145	4746	2.74729
0.15	8	226.024
0.15	9	59.8783
0.15	10	2656.11
0.15	11	351.725
0.15	12	404.129
0.15	14	100.476
0.15	15	60.9185
0.15	17	51.2242
0.15	18	116.114
0.15	20	88.0626
0.15	22	78.7949
0.15	25	40.2028
0.15	27	32.6587
0.15	30	35.0668
0.15	33	36.0886
0.15	36	24.7854
0.15	40	20.4515
0.15	44	25.7721
0.15	48	30.031
0.15	53	17.0831
0.15	59	17.3122
0.15	65	14.2465
0.15	71	18.6276
0.15	78	16.1961
0.15	86	14.0882
0.15	95	8.61788
0.15	104	7.68888
0.15	115	9.51353
0.15	126	8.00967
0.15	139	7.78165
0.15	153	5.80871
0.15	168	6.16607
0.15	185	4.25087
0.15	204	6.3773
0.15	224	4.47984
0.15	247	4.01062
0.15	272	4.29528
0.15	299	3.47969
0.15	329	3.87384
0.15	362	3.85195
0.15	398	3.05621
0.15	438	3.12336
0.15	481	3.08499
0.15	530	2.69906
0.15	583	3.49024
0.15	641	3.00222
0.15	705	3.84825
0.15	776	3.15272
0.15	853	3.25235
0.15	939	2.93497
0.15	1033	2.92623
0.15	1136	3.13554
0.15	1249	3.27938
0.15	1374	2.70411
0.15	1512	2.82554
0.15	1663	3.01239
0.15	1830	2.40702
0.15	2013	2.92837
0.15	2214	2.57765
0.15	2435	2.60242
0.15	2679	2.70912
0.15	2947	2.53666
0.15	3242	2.37688
0.15	3566	2.65005
0.15	3922	2.84431
0.15	4315	3.08139
0.15	4746	2.2869
0.155	8	102.371
0.155	9	108.555
0.155	10	23890.2
0.155	11	921.169
0.155	12	52.9945
0.155	14	69.3376
0.155	15	143.013
0.155	17	56.8809
0.155	18	87.674
0.155	20	78.8816
0.155	22	43.1994
0.155	25	35.455
0.155	27	34.8428
0.155	30	35.813
0.155	33	31.888
0.155	36	27.8238
0.155	40	27.6573
0.155	44	23.1067
0.155	48	22.1341
0.155	53	20.675
0.155	59	19.219
0.155	65	19.0391
0.155	71	13.558
0.155	78	9.2899
0.155	86	9.77685
0.155	95	8.88716
0.155	104	8.39531
0.155	115	9.97744
0.155	126	6.02374
0.155	139	7.05142
0.155	153	9.78955
0.155	168	4.87897
0.155	185	4.45905
0.155	204	4.54456
0.155	224	4.27354
0.155	247	3.45435
0.155	272	3.98533
0.155	299	4.09723
0.155	329	4.57131
0.155	362	2.88901
0.155	398	3.75954
0.155	438	3.29745
0.155	481	2.99258
0.155	530	3.50674
0.155	583	3.0536
0.155	641	4.3335
0.155	705	3.09513
0.155	776	2.90578
0.155	853	3.03082
0.155	939	3.55443
0.155	1033	3.05241
0.155	1136	2.87173
0.155	1249	2.82301
0.155	1374	3.07742
0.155	1512	2.99773
0.155	1663	3.2821
0.155	1830	2.82167
0.155	2013	2.85636
0.155	2214	2.71874
0.155	2435	2.6551
0.155	2679	2.87963
0.155	2947	2.77657
0.155	3242	2.94063
0.155	3566	3.16444
0.155	3922	2.47205
0.155	4315	2.55949
0.155	4746	1.93503
0.16	8	10073.5
0.16	9	60.2044
0.16	10	168.513
0.16	11	96.0864
0.16	12	257.236
0.16	14	43.344
0.16	15	56.2426
0.16	17	68.6944
0.16	18	39.1234
0.16	20	47.8529
0.16	22	37.9306
0.16	25	61.3415
0.16	27	131.413
0.16	30	33.0239
0.16	33	33.9074
0.16	36	23.1008
0.16	40	23.3419
0.16	44	24.2239
0.16	48	23.0028
0.16	53	19.6505
0.16	59	17.9592
0.16	65	12.6223
0.16	71	13.7137
0.16	78	13.96
0.16	86	13.9494
0.16	95	12.3053
0.16	104	11.6227
0.16	115	8.31885
0.16	126	7.73987
0.16	139	6.16873
0.16	153	8.07551
0.16	168	5.5799
0.16	185	4.23312
0.16	204	6.50206
0.16	224	4.59717
0.16	247	5.51647
0.16	272	5.20035
0.16	299	3.90244
0.16	329	4.37401
0.16	362	3.81893
0.16	398	4.03726
0.16	438	3.67698
0.16	481	4.09053
0.16	530	3.87393
0.16	583	3.96821
0.16	641	3.91177
0.16	705	3.34977
0.16	776	2.91196
0.16	853	2.88252
0.16	939	2.72058
0.16	1033	3.12757
0.16	1136	2.58584
0.16	1249	2.95629
0.16	1374	2.58947
0.16	1512	2.22618
0.16	1663	3.09353
0.16	1830	3.19016
0.16	2013	3.23952
0.16	2214	2.4975
0.16	2435	2.60935
0.16	2679	2.43108
0.16	2947	2.92058
0.16	3242	2.93413
0.16	3566	2.51037
0.16	3922	2.46796
0.16	4315	2.54981
0.16	4746	2.73484
0.165	8	1409.23
0.165	9	173.734
0.165	10	315.147
0.165	11	63.4991
0.165	12	100.46
0.165	14	431.486
0.165	15	90.2663
0.165	17	74.8155
0.165	18	65.8303
0.165	20	35.2184
0.165	22	43.2468
0.165	25	44.5259
0.165	27	59.1417
0.165	30	40.3862
0.165	33	38.1057
0.165	36	34.7242
0.165	40	25.0264
0.165	44	26.2638
0.165	48	21.7136
0.165	53	21.7501
0.165	59	19.868
0.165	65	22.3214
0.165	71	15.0309
0.165	78	14.7101
0.165	86	13.8544
0.165	95	15.1275
0.165	104	11.0876
0.165	115	8.2906
0.165	126	9.24004
0.165	139	7.0073
0.165	153	5.38164
0.165	168	7.07568
0.165	185	6.35532
0.165	204	8.45219
0.165	224	5.1348
0.165	247	4.84772
0.165	272	4.50643
0.165	299	3.39735
0.165	329	3.24041
0.165	362	3.82024
0.165	398	3.64491
0.165	438	3.8055
0.165	481	3.84547
0.165	530	3.57742
0.165	583	3.8297
0.165	641	3.4507
0.165	705	3.64061
0.165	776	3.21908
0.165	853	3.03918
0.165	939	2.77583
0.165	1033	2.57358
0.165	1136	2.65312
0.165	1249	2.87793
0.165	1374	2.60512
0.165	1512	2.67648
0.165	1663	3.31395
0.165	1830	2.69327
0.165	2013	3.16142
0.165	2214	3.32716
0.165	2435	3.12031
0.165	2679	2.83928
0.165	2947	2.93616
0.165	3242	3.12504
0.165	3566	2.86425
0.165	3922	3.09899
0.165	4315	2.74275
0.165	4746	2.89081
0.17	8	8919.05
0.17	9	126.863
0.17	10	233.867
0.17	11	117.567
0.17	12	83.7279
0.17	14	180.947
0.17	15	246.329
0.17	17	71.7797
0.17	18	93.8773
0.17	20	50.5832
0.17	22	46.3415
0.17	25	38.0654
0.17	27	58.1085
0.17	30	27.8886
0.17	33	33.2479
0.17	36	30.6517
0.17	40	26.4816
0.17	44	26.1886
0.17	48	22.478
0.17	53	26.0114
0.17	59	19.6717
0.17	65	15.9474
0.17	71	18.3208
0.17	78	11.6241
0.17	86	14.3976
0.17	95	11.8757
0.17	104	14.7145
0.17	115	9.06138
0.17	126	7.57063
0.17	139	7.69114
0.17	153	5.8026
0.17	168	8.36757
0.17	185	6.21117
0.17	204	5.19855
0.17	224	5.30347
0.17	247	5.38173
0.17	272	4.55015
0.17	299	3.4524
0.17	329	4.22495
0.17	362	3.82676
0.17	398	4.15247
0.17	438	3.81204
0.17	481	3.62349
0.17	530	4.18855
0.17	583	3.42915
0.17	641	3.3995
0.17	705	2.97227
0.17	776	3.57704
0.17	853	3.19655
0.17	939	3.18943
0.17	1033	2.83998
0.17	1136	3.13272
0.17	1249	2.76247
0.17	1374	2.84346
0.17	1512	2.83561
0.17	1663	2.56126
0.17	1830	2.9236
0.17	2013	2.97997
0.17	2214	3.11169
0.17	2435	3.95798
0.17	2679	2.29259
0.17	2947	2.73746
0.17	3242	2.75794
0.17	3566	2.80475
0.17	3922	2.78371
0.17	4315	2.21087
0.17	4746	3.14241
0.175	8	201.427
0.175	9	345.578
0.175	10	902.266
0.175	11	98.4444
0.175	12	162.467
0.175	14	107.046
0.175	15	45.4736
0.175	17	36.0532
0.175	18	83.7186
0.175	20	41.587
0.175	22	43.485
0.175	25	58.9233
0.175	27	64.5409
0.175	30	41.1752
0.175	33	44.8035
0.175	36	37.7225
0.175	40	38.2991
0.175	44	23.833
0.175	48	15.6413
0.175	53	19.051
0.175	59	24.6021
0.175	65	19.3332
0.175	71	17.1612
0.175	78	19.5736
0.175	86	13.3792
0.175	95	9.76741
0.175	104	11.6897
0.175	115	10.0785
0.175	126	6.19935
0.175	139	7.73038
0.175	153	7.95314
0.175	168	6.46192
0.175	185	6.24487
0.175	204	4.4338
0.175	224	3.64391
0.175	247	4.69693
0.175	272	3.93947
0.175	299	4.82719
0.175	329	4.26878
0.175	362	3.61042
0.175	398	4.41459
0.175	438	4.0194
0.175	481	3.45949
0.175	530	3.19101
0.175	583	3.23257
0.175	641	3.34899
0.175	705	3.1202
0.175	776	3.54113
0.175	853	3.76923
0.175	939	3.13351
0.175	1033	3.44407
0.175	1136	3.38772
0.175	1249	3.2781
0.175	1374	2.95201
0.175	1512	2.39964
0.175	1663	2.82541
0.175	1830	2.76096
0.175	2013	2.94812
0.175	2214	2.66684
0.175	2435	2.60033
0.175	2679	2.80753
0.175	2947	2.70216
0.175	3242	2.3494
0.175	3566	2.24699
0.175	3922	2.35384
0.175	4315	3.21366
0.175	4746	2.51716
0.18	8	316.667
0.18	9	116.444
0.18	10	346.421
0.18	11	541.599
0.18	12	325.659
0.18	14	154.197
0.18	15	68.7484
0.18	17	118.367
0.18	18	48.9602
0.18	20	55.0398
0.18	22	260.536
0.18	25	41.5721
0.18	27	52.6199
0.18	30	58.7099
0.18	33	36.3197
0.18	36	34.0907
0.18	40	21.8735
0.18	44	29.6772
0.18	48	34.7789
0.18	53	25.8951
0.18	59	13.6672
0.18	65	14.2217
0.18	71	14.1417
0.18	78	13.8144
0.18	86	16.0587
0.18	95	11.5267
0.18	104	10.9296
0.18	115	5.82203
0.18	126	10.0901
0.18	139	6.21218
0.18	153	7.92448
0.18	168	6.98147
0.18	185	6.00331
0.18	204	6.01068
0.18	224	6.17749
0.18	247	5.8203
0.18	272	3.83562
0.18	299	4.49315
0.18	329	3.86843
0.18	362	5.08721
0.18	398	4.23058
0.18	438	4.43629
0.18	481	3.82556
0.18	530	3.04502
0.18	583	3.98273
0.18	641	3.28031
0.18	705	3.102
0.18	776	3.4635
0.18	853	3.25283
0.18	939	3.32893
0.18	1033	2.99186
0.18	1136	3.23094
0.18	1249	3.29448
0.18	1374	3.04949
0.18	1512	3.00812
0.18	1663	3.15959
0.18	1830	2.92732
0.18	2013	3.09317
0.18	2214	2.64472
0.18	2435	2.48961
0.18	2679	3.1459
0.18	2947	2.77155
0.18	3242	2.95479
0.18	3566	3.20658
0.18	3922	2.87849
0.18	4315	3.19268
0.18	4746	3.06452
0.185	8	100.084
0.185	9	126.138
0.185	10	111
0.185	11	1759.49
0.185	12	267.898
0.185	14	153.464
0.185	15	129.902
0.185	17	70.5861
0.185	18	48.9588
0.185	20	79.6419
0.185	22	37.1243
0.185	25	37.3339
0.185	27	46.2216
0.185	30	31.1409
0.185	33	34.2388
0.185	36	35.4841
0.185	40	28.9149
0.185	44	25.142
0.185	48	30.7347
0.185	53	25.6722
0.185	59	15.4143
0.185	65	19.8299
0.185	71	18.8235
0.185	78	15.5265
0.185	86	11.4647
0.185	95	13.7085
0.185	104	8.25248
0.185	115	11.3858
0.185	126	7.67171
0.185	139	7.98285
0.185	153	7.70494
0.185	168	7.83156
0.185	185	6.95011
0.185	204	5.24647
0.185	224	4.65087
0.185	247	5.51879
0.185	272	5.69947
0.185	299	4.67037
0.185	329	4.48517
0.185	362	3.73048
0.185	398	4.75837
0.185	438	4.25587
0.185	481	2.91504
0.185	530	4.35073
0.185	583	3.75014
0.185	641	4.13075
0.185	705	3.5204
0.185	776	3.72728
0.185	853	2.62279
0.185	939	3.39525
0.185	1033	3.27532
0.185	1136	3.81626
0.185	1249	3.26454
0.185	1374	3.00174
0.185	1512	3.22549
0.185	1663	2.91896
0.185	1830	3.09713
0.185	2013	2.63789
0.185	2214	2.70897
0.185	2435	2.96318
0.185	2679	3.0302
0.185	2947	2.69454
0.185	3242	3.55949
0.185	3566	2.64487
0.185	3922	2.83836
0.185	4315	2.82762
0.185	4746	2.65479
0.19	8	1042.24
0.19	9	81.8713
0.19	10	103.902
0.19	11	201.765
0.19	12	684.515
0.19	14	68.6518
0.19	15	80.2678
0.19	17	53.6467
0.19	18	57.8699
0.19	20	50.1852
0.19	22	42.4714
0.19	25	55.5817
0.19	27	41.2967
0.19	30	42.0905
0.19	33	46.0121
0.19	36	29.8905
0.19	40	33.5277
0.19	44	29.5638
0.19	48	24.7026
0.19	53	22.9123
0.19	59	17.1877
0.19	65	20.5878
0.19	71	15.2927
0.19	78	10.7662
0.19	86	14.6371
0.19	95	12.1608
0.19	104	11.3473
0.19	115	8.78882
0.19	126	9.94928
0.19	139	6.53839
0.19	153	5.7111
0.19	168	6.11386
0.19	185	6.56387
0.19	204	5.5996
0.19	224	4.74272
0.19	247	4.52924
0.19	272	5.14773
0.19	299	4.31453
0.19	329	4.06198
0.19	362	4.33746
0.19	398	4.51322
0.19	438	4.01371
0.19	481	3.45607
0.19	530	3.22075
0.19	583	3.7641
0.19	641	4.0834
0.19	705	2.91451
0.19	776	4.11117
0.19	853	3.62263
0.19	939	3.40952
0.19	1033	2.7441
0.19	1136	3.29045
0.19	1249	3.64359
0.19	1374	3.90813
0.19	1512	3.46789
0.19	1663	3.329
0.19	1830	3.53917
0.19	2013	2.64366
0.19	2214	3.07003
0.19	2435	3.21115
0.19	2679	2.91949
0.19	2947	3.7244
0.19	3242	3.61872
0.19	3566	2.67355
0.19	3922	2.88938
0.19	4315	2.39955
0.19	4746	3.31865
0.195	8	89.6718
0.195	9	1495.61
0.195	10	172.655
0.195	11	79.4873
0.195	12	142.704
0.195	14	1162.26
0.195	15	57.9969
0.195	17	48.1719
0.195	18	172.795
0.195	20	63.9827
0.195	22	60.7192
0.195	25	32.1999
0.195	27	40.4261
0.195	30	253.247
0.195	33	49.3179
0.195	36	36.2517
0.195	40	29.3689
0.195	44	33.2456
0.195	48	22.8807
0.195	53	21.4501
0.195	59	16.8688
0.195	65	19.7978
0.195	71	17.1075
0.195	78	12.7967
0.195	86	16.7783
0.195	95	13.1239
0.195	104	11.0032
0.195	115	9.99843
0.195	126	11.0224
0.195	139	6.31267
0.195	153	7.4199
0.195	168	7.51576
0.195	185	5.58939
0.195	204	6.12949
0.195	224	5.34735
0.195	247	4.8397
0.195	272	5.3795
0.195	299	5.42175
0.195	329	4.56667
0.195	362	4.19009
0.195	398	3.52849
0.195	438	3.89659
0.195	481	3.47728
0.195	530	3.92346
0.195	583	4.09579
0.195	641	3.82273
0.195	705	3.89415
0.195	776	2.9759
0.195	853	3.52097
0.195	939	3.2406
0.195	1033	3.14901
0.195	1136	3.1292
0.195	1249	2.93075
0.195	1374	3.37172
0.195	1512	2.93667
0.195	1663	3.14643
0.195	1830	2.80465
0.195	2013	2.56865
0.195	2214	2.60382
0.195	2435	2.89213
0.195	2679	3.28054
0.195	2947	2.91988
0.195	3242	3.43723
0.195	3566	3.53832
0.195	3922	2.3131
0.195	4315	2.77986
0.195	4746	3.18773